4.215149828363944
0.9642502738073848
0.9664684506049573
1.161844011787291
1.2075515315114143
1.1524163471849178
0.6176665108195041
0.8007405601858059
0.21244547564305916
0.7920826931287135
1.4080535346273406
0.697975837331744
5.58037974520527
6.902061736674229
2.3307114618355302
3.6495947970836813
1.7362780459975935
2.5075588939192834
1.9076892354852895
1.4937398020411852
0.272331164766994
0.1406349763172682
0.4504953719546505
0.07634618774285114
1.3620334243247174
1.348207788199471
0.1690581034724205
0.07974780279340023
0.8566445435542236
1.3957958305914626
1.3957958305914626
1.55270438279045
0.06663176105541183
0.1688325347784112
1.365170647894217
91.76367540927686
7.051295576446616
31.765959234383402
55.70438672476488
5.8541658404604755
2.5314967935505166
10.177886019051876
8.362393857811098
3.6023899324813056
1.6068304797320456
13.125998075076268
4.395784502768362
4.385284367788399
19.131144003544957
1.8628259153562143
1.9873464320359309
2.4091388864894085
0.18722314593874775
1.2075515315114143
1.1524163471849178
0.6176665108195041
0.7920826931287135
6.902061736674229
2.3307114618355302
3.6495947970836813
1.7362780459975935
2.5075588939192834
0.4504953719546505
0.07634618774285114
1.3620334243247174
1.348207788199471
0.1690581034724205
0.1690581034724205
1.55270438279045
0.06663176105541183
55.70438672476488
5.8541658404604755
2.5314967935505166
10.177886019051876
4.385284367788399
19.131144003544957
1.8628259153562143
1.9873464320359309
0.1690581034724205
0.1690581034724205
0.1690581034724205
0.1690581034724205
0.1690581034724205
0.1690581034724205
0.1690581034724205
0.1690581034724205
0.1690581034724205
0.1690581034724205
0.1690581034724205
0.1690581034724205
0.1690581034724205
0.1690581034724205
0.1690581034724205
0.1690581034724205
0.1690581034724205
0.25721969091124464
1.2075515315114143
1.1524163471849178
0.6176665108195041
0.7920826931287135
6.902061736674229
2.3307114618355302
3.6495947970836813
1.7362780459975935
2.5075588939192834
0.4504953719546505
0.07634618774285114
1.3620334243247174
1.348207788199471
0.1690581034724205
0.1690581034724205
1.55270438279045
0.06663176105541183
55.70438672476488
5.8541658404604755
2.5314967935505166
10.177886019051876
4.385284367788399
19.131144003544957
1.8628259153562143
1.9873464320359309
0.18722314593874775
1.2075515315114143
1.1524163471849178
0.6176665108195041
0.7920826931287135
6.902061736674229
2.3307114618355302
3.6495947970836813
1.7362780459975935
2.5075588939192834
0.4504953719546505
0.07634618774285114
1.3620334243247174
1.348207788199471
0.1690581034724205
0.1690581034724205
1.55270438279045
0.06663176105541183
55.70438672476488
5.8541658404604755
2.5314967935505166
10.177886019051876
4.385284367788399
19.131144003544957
1.8628259153562143
1.9873464320359309
2.568814502788109
2.5042594743074367
2.376351738141894
1.9385386854533433
2.142833969798817
4.729494325116462
3.09441150440236
5.028546314518198
2.6709519952331413
3.9620225527253248
3.617939885629085
2.828735962616111
3.9974829337247346
3.1759667094195114
2.4972655260358607
2.4972655260358607
3.8728927820296195
3.0701303760819467
49.8167423944452
6.540208775109181
6.297835629242885
11.024157043701615
10.028633247709832
31.808150327616776
2.525499840926188
2.1892259876300098
2.1769531780333566
2.5042594743074367
2.376351738141894
1.9385386854533433
2.142833969798817
4.729494325116462
3.09441150440236
5.028546314518198
2.6709519952331413
3.9620225527253248
3.617939885629085
2.828735962616111
3.9974829337247346
3.1759667094195114
2.4972655260358607
2.4972655260358607
3.8728927820296195
3.0701303760819467
49.8167423944452
6.540208775109181
6.297835629242885
11.024157043701615
10.028633247709832
31.808150327616776
2.525499840926188
2.1892259876300098
2.1892259876300098
2.1892259876300098
2.1892259876300098
2.1892259876300098
2.1892259876300098
2.1892259876300098
2.1892259876300098
2.1892259876300098
2.1892259876300098
2.1892259876300098
2.1892259876300098
3.478098250864197
3.5160480335678628
3.8705061462762846
3.658237190190862
3.255073881330904
3.4468330196954313
7.77209217578677
4.983523859161828
7.026167294137566
4.713346566583816
5.8389067651050475
5.32146167868048
4.341163180656549
6.100328137174445
6.2443766108209235
4.878279576845941
4.878279576845941
6.265713444802367
5.61714697886591
55.54839442976465
8.06505634073933
8.909997932710235
14.469040329541416
12.908501588035593
35.899827424652365
3.730872928196411
3.478098250864197
3.5160480335678628
3.8705061462762846
3.658237190190862
3.255073881330904
3.4468330196954313
7.77209217578677
4.983523859161828
7.026167294137566
4.713346566583816
5.8389067651050475
5.32146167868048
4.341163180656549
6.100328137174445
6.2443766108209235
4.878279576845941
4.878279576845941
3.9762516098472545
3.8705061462762846
3.658237190190862
3.255073881330904
3.4468330196954313
7.77209217578677
4.983523859161828
7.026167294137566
4.713346566583816
5.8389067651050475
5.32146167868048
4.341163180656549
6.100328137174445
6.2443766108209235
4.878279576845941
4.878279576845941
6.265713444802367
5.61714697886591
55.54839442976465
8.06505634073933
8.909997932710235
14.469040329541416
12.908501588035593
35.899827424652365
3.730872928196411
3.478098250864197
3.6211469279081054
3.741308904639386
3.8986214408570175
3.589490778963738
3.8809269260720156
17.84159843504073
6.004034817289014
6.789778903090577
4.8424288552308985
5.8475296496137075
5.205921264301218
4.490381889516677
9.048013405521472
6.412820903734679
4.8289123656503525
4.8289123656503525
11.096734424413695
6.252175462508753
81.7095832725852
11.249121185121108
11.94647994467107
29.875162195117912
14.543251661272775
39.44387299524275
4.86788930673245
4.109519730938726
3.911858876867416
3.742003473781846
3.896905129017534
3.5872602810414245
3.8750190969660077
9.599256340864379
4.1281780612197
6.787587037162095
4.139179861442665
5.843006962556357
5.203513584925216
4.487125453438521
7.26649370490126
5.2538806491546275
4.578595215722534
4.578595215722534
7.823217396627942
4.809061197009363
81.70529893767967
11.754095133129258
9.013245587284672
19.373222543697054
11.98145084323243
39.42048204301807
5.1663780389386496
3.874587416814261
8.736535038716687
8.300263103068492
6.87550342647652
6.962726355129278
6.869783407028719
19.547413853479924
10.007979624467382
16.14775097847223
9.190219015220862
14.30560143741918
12.565383868742156
10.095618444438516
15.650611326465436
12.587661779093171
10.103064144018019
10.103064144018019
16.93297178602283
11.26885413140577
92.32175028171251
22.689569140995427
21.17393304092236
25.72784207062057
26.561428917397446
48.67459815450084
10.064990040311619
6.549168417882082
