4.215149828363944
0.9642502738073848
0.9664684506049573
1.161844011787291
1.2075515315114143
1.1524163471849178
0.6176665108195041
0.8007405601858059
0.21244547564305916
0.7920826931287135
1.4080535346273406
0.697975837331744
5.58037974520527
6.902061736674229
2.3307114618355302
3.6495947970836813
1.7362780459975935
2.5075588939192834
1.9076892354852895
1.4937398020411852
0.272331164766994
0.1406349763172682
0.4504953719546505
0.07634618774285114
1.3620334243247174
1.348207788199471
0.1690581034724205
0.07974780279340023
0.8566445435542236
1.3957958305914626
1.3957958305914626
1.55270438279045
0.06663176105541183
0.1688325347784112
1.365170647894217
91.76367540927686
7.051295576446616
31.765959234383402
55.70438672476488
5.8541658404604755
2.5314967935505166
10.177886019051876
8.362393857811098
3.6023899324813056
1.6068304797320456
13.125998075076268
4.395784502768362
4.385284367788399
19.131144003544957
1.8628259153562143
1.9873464320359309
2.4091388864894085
0.18722314593874775
1.2075515315114143
1.1524163471849178
0.6176665108195041
0.7920826931287135
6.902061736674229
2.3307114618355302
3.6495947970836813
1.7362780459975935
2.5075588939192834
0.4504953719546505
0.07634618774285114
1.3620334243247174
1.348207788199471
0.1690581034724205
0.1690581034724205
1.55270438279045
0.06663176105541183
55.70438672476488
5.8541658404604755
2.5314967935505166
10.177886019051876
4.385284367788399
19.131144003544957
1.8628259153562143
1.9873464320359309
0.1690581034724205
0.1690581034724205
0.1690581034724205
0.1690581034724205
0.1690581034724205
0.1690581034724205
0.1690581034724205
0.1690581034724205
0.1690581034724205
0.1690581034724205
0.1690581034724205
0.1690581034724205
0.1690581034724205
0.1690581034724205
0.1690581034724205
0.1690581034724205
0.1690581034724205
0.25721969091124464
1.2075515315114143
1.1524163471849178
0.6176665108195041
0.7920826931287135
6.902061736674229
2.3307114618355302
3.6495947970836813
1.7362780459975935
2.5075588939192834
0.4504953719546505
0.07634618774285114
1.3620334243247174
1.348207788199471
0.1690581034724205
0.1690581034724205
1.55270438279045
0.06663176105541183
55.70438672476488
5.8541658404604755
2.5314967935505166
10.177886019051876
4.385284367788399
19.131144003544957
1.8628259153562143
1.9873464320359309
0.18722314593874775
1.2075515315114143
1.1524163471849178
0.6176665108195041
0.7920826931287135
6.902061736674229
2.3307114618355302
3.6495947970836813
1.7362780459975935
2.5075588939192834
0.4504953719546505
0.07634618774285114
1.3620334243247174
1.348207788199471
0.1690581034724205
0.1690581034724205
1.55270438279045
0.06663176105541183
55.70438672476488
5.8541658404604755
2.5314967935505166
10.177886019051876
4.385284367788399
19.131144003544957
1.8628259153562143
1.9873464320359309
2.568814502788109
2.5042594743074367
2.376351738141894
1.9385386854533433
2.142833969798817
4.729494325116462
3.09441150440236
5.028546314518198
2.6709519952331413
3.9620225527253248
3.617939885629085
2.828735962616111
3.9974829337247346
3.1759667094195114
2.4972655260358607
2.4972655260358607
3.8728927820296195
3.0701303760819467
49.8167423944452
6.540208775109181
6.297835629242885
11.024157043701615
10.028633247709832
31.808150327616776
2.525499840926188
2.1892259876300098
2.1769531780333566
2.5042594743074367
2.376351738141894
1.9385386854533433
2.142833969798817
4.729494325116462
3.09441150440236
5.028546314518198
2.6709519952331413
3.9620225527253248
3.617939885629085
2.828735962616111
3.9974829337247346
3.1759667094195114
2.4972655260358607
2.4972655260358607
3.8728927820296195
3.0701303760819467
49.8167423944452
6.540208775109181
6.297835629242885
11.024157043701615
10.028633247709832
31.808150327616776
2.525499840926188
2.1892259876300098
2.1892259876300098
2.1892259876300098
2.1892259876300098
2.1892259876300098
2.1892259876300098
2.1892259876300098
2.1892259876300098
2.1892259876300098
2.1892259876300098
2.1892259876300098
2.1892259876300098
3.478098250864197
3.5160480335678628
3.8705061462762846
3.658237190190862
3.255073881330904
3.4468330196954313
7.77209217578677
4.983523859161828
7.026167294137566
4.713346566583816
5.8389067651050475
5.32146167868048
4.341163180656549
6.100328137174445
6.2443766108209235
4.878279576845941
4.878279576845941
6.265713444802367
5.61714697886591
55.54839442976465
8.06505634073933
8.909997932710235
14.469040329541416
12.908501588035593
35.899827424652365
3.730872928196411
3.478098250864197
8.877947670200298
8.827260119416014
7.211577926795126
7.882701993205486
7.715285148442525
29.517878654992742
11.002229628628283
17.048101111111855
10.202055914524689
15.425282335139064
13.313334895409657
11.10838919585143
18.122791951515655
14.519513160793464
11.690957836470965
11.690957836470965
22.43031941058207
12.9266793695597
52.95675695299452
21.747666803943908
23.303216978141357
27.70055249778937
26.069344294093426
34.25858101673561
9.930330140666518
7.439776411209664
8.91129074055869
8.827370095033052
7.320443451894188
7.882816849293412
7.715514778831301
29.518537861054718
11.00233743622178
17.04834468377941
10.202249553279971
15.425475408679409
13.313481172545162
11.108492754325585
18.884355623756992
14.519680294208765
11.691081647541138
11.691081647541138
22.430643560205063
12.926840895388526
52.9578354030869
21.74805058516542
23.30341988800462
27.70094934720769
26.069756770488276
34.259873038241274
9.960215864501341
7.580568920881951
7.9761277548164555
6.660141895671769
5.814861677096601
6.097994795025471
6.062058980238881
14.506120005038213
8.229962647916048
12.121075908247086
7.602533141713332
11.124762184144982
9.836221879690143
8.140358693468409
12.446990698922319
10.701031794585116
8.726658250133838
8.726658250133838
13.378658468640277
9.473400651355012
50.98014918817255
15.643568019550923
15.028256461126768
16.786753223636502
17.155706925858794
26.361928395481936
7.669948526718033
5.991352200406113
10.176535579204739
9.459355305841832
8.118999638836518
8.220011422272147
8.23992089445224
45.426353284701314
13.548356654563078
18.984435821009818
11.296438408398158
16.58717328294728
14.540608813213646
11.717610079611752
18.18465654505035
16.39904472035103
12.823821278052502
12.823821278052502
19.435874754028823
14.220294535009852
141.8190083918443
26.11101778867577
25.18095661038861
43.36641906073504
34.05025591057367
76.56720419728877
11.743582767072338
8.36145155635153
