4.215149828363944
0.9642502738073848
0.9664684506049573
1.161844011787291
1.2075515315114143
1.1524163471849178
0.6176665108195041
0.8007405601858059
0.21244547564305916
0.7920826931287135
1.4080535346273406
0.697975837331744
5.58037974520527
6.902061736674229
2.3307114618355302
3.6495947970836813
1.7362780459975935
2.5075588939192834
1.9076892354852895
1.4937398020411852
0.272331164766994
0.1406349763172682
0.4504953719546505
0.07634618774285114
1.3620334243247174
1.348207788199471
0.1690581034724205
0.07974780279340023
0.8566445435542236
1.3957958305914626
1.3957958305914626
1.55270438279045
0.06663176105541183
0.1688325347784112
1.365170647894217
91.76367540927686
7.051295576446616
31.765959234383402
55.70438672476488
5.8541658404604755
2.5314967935505166
10.177886019051876
8.362393857811098
3.6023899324813056
1.6068304797320456
13.125998075076268
4.395784502768362
4.385284367788399
19.131144003544957
1.8628259153562143
1.9873464320359309
2.4091388864894085
0.18722314593874775
1.2075515315114143
1.1524163471849178
0.6176665108195041
0.7920826931287135
6.902061736674229
2.3307114618355302
3.6495947970836813
1.7362780459975935
2.5075588939192834
0.4504953719546505
0.07634618774285114
1.3620334243247174
1.348207788199471
0.1690581034724205
0.1690581034724205
1.55270438279045
0.06663176105541183
55.70438672476488
5.8541658404604755
2.5314967935505166
10.177886019051876
4.385284367788399
19.131144003544957
1.8628259153562143
1.9873464320359309
0.1690581034724205
0.1690581034724205
0.1690581034724205
0.1690581034724205
0.1690581034724205
0.1690581034724205
0.1690581034724205
0.1690581034724205
0.1690581034724205
0.1690581034724205
0.1690581034724205
0.1690581034724205
0.1690581034724205
0.1690581034724205
0.1690581034724205
0.1690581034724205
0.1690581034724205
0.25721969091124464
1.2075515315114143
1.1524163471849178
0.6176665108195041
0.7920826931287135
6.902061736674229
2.3307114618355302
3.6495947970836813
1.7362780459975935
2.5075588939192834
0.4504953719546505
0.07634618774285114
1.3620334243247174
1.348207788199471
0.1690581034724205
0.1690581034724205
1.55270438279045
0.06663176105541183
55.70438672476488
5.8541658404604755
2.5314967935505166
10.177886019051876
4.385284367788399
19.131144003544957
1.8628259153562143
1.9873464320359309
0.18722314593874775
1.2075515315114143
1.1524163471849178
0.6176665108195041
0.7920826931287135
6.902061736674229
2.3307114618355302
3.6495947970836813
1.7362780459975935
2.5075588939192834
0.4504953719546505
0.07634618774285114
1.3620334243247174
1.348207788199471
0.1690581034724205
0.1690581034724205
1.55270438279045
0.06663176105541183
55.70438672476488
5.8541658404604755
2.5314967935505166
10.177886019051876
4.385284367788399
19.131144003544957
1.8628259153562143
1.9873464320359309
1.2319161462964983
1.5015042176575883
2.59996235361065
1.2238066838405723
2.036153172633492
7.007723090806766
2.1805751016035915
3.599880006842475
2.0742568932808907
2.8614322483042933
2.098851776498072
2.2466839157833474
3.899482812834734
2.260147156198583
1.888689781192089
1.888689781192089
3.706672706094444
1.876494469833306
56.95156685466791
5.869167943625318
3.8515348179897146
10.186384487871791
5.7271338253583846
19.32661352209176
1.907469681023525
2.6944760548947637
14.870615255713092
15.742643067873912
14.039003907878467
14.39100347083814
14.644942863222605
68.19024553787223
21.246885309726032
31.50494193411881
18.882927627602207
30.169414343333983
26.109370599727644
20.72710767674465
36.122816838506694
28.635665047694367
22.69034184449043
22.69034184449043
44.922907759446026
25.649421280766145
171.477772411109
41.31651948073989
53.27385213111386
90.03356001352911
62.724389062803866
118.00213588639006
16.72263089902441
14.5372670557279
14.870615255713092
15.742643067873912
14.039003907878467
14.39100347083814
14.644942863222605
68.19024553787223
21.246885309726032
31.50494193411881
18.882927627602207
30.169414343333983
26.109370599727644
20.72710767674465
36.122816838506694
28.635665047694367
22.69034184449043
22.69034184449043
44.922907759446026
25.649421280766145
171.477772411109
41.31651948073989
53.27385213111386
90.03356001352911
62.724389062803866
118.00213588639006
16.72263089902441
14.5372670557279
14.870615255713092
15.742643067873912
17.619478066871025
15.730260429660147
14.081699809854376
14.41796825851754
14.73876670858126
68.29244830448934
20.941565416760675
31.530119775168888
18.295635852371987
28.003499055283942
24.611485669919052
19.707346374366566
32.936646152411264
27.14603411502103
21.585679931321813
21.585679931321813
44.99647798866484
23.754899007955487
171.37271602019774
44.354871322686215
46.87174314253844
70.0504415553381
55.565198305194855
118.31233785290172
18.762713428019264
14.116986553413794
168.53141502934045
192.2037653926169
46.689355083383504
33.708300957100704
58.06809125715974
22.335484689430746
15.730260429660147
26.585535386513936
88.83392017978707
41.050462926284744
61.21374758868033
31.95217233827005
15.472941529459327
18.863206951968984
14.081699809854376
172.88534422119412
16.809817692284255
175.5450030016328
23.350695499496645
25.82640042722729
15.230595339121262
43.039039771632886
182.05962110033335
190.2679268789648
14.857689329295985
14.41796825851754
23.47436601161045
17.341437255152282
14.116986553413794
177.5543496887284
154.49074032754086
58.38535954153772
23.685379837611784
28.003499055283942
15.898283269635991
44.996477988664054
70.0504415553381
36.17019679501726
180.67117646107286
183.43950060182755
184.93903767209696
13.972913657615667
28.846689207354625
19.707346374366566
118.31233785290172
68.29244830448934
41.779339447813044
46.87174314253844
46.87174314253844
24.82981449689029
186.50962024028215
16.856596554788602
14.468028982118662
25.33017010781719
171.37271602019774
188.2908333861105
62.80438607023167
27.369647248998692
15.426255162560325
16.16150798632598
13.799321533364175
18.07530349175856
179.2069693675725
168.53141502934045
192.2037653926169
46.689355083383504
33.708300957100704
58.06809125715974
22.335484689430746
15.730260429660147
26.585535386513936
88.83392017978707
41.050462926284744
61.21374758868033
31.95217233827005
15.472941529459327
18.863206951968984
14.081699809854376
172.88534422119412
16.809817692284255
175.5450030016328
23.350695499496645
25.82640042722729
15.230595339121262
43.039039771632886
182.05962110033335
190.2679268789648
14.857689329295985
14.41796825851754
23.47436601161045
17.341437255152282
14.116986553413794
177.5543496887284
154.49074032754086
58.38535954153772
23.685379837611784
28.003499055283942
15.898283269635991
44.996477988664054
70.0504415553381
36.17019679501726
180.67117646107286
183.43950060182755
184.93903767209696
13.972913657615667
28.846689207354625
19.707346374366566
118.31233785290172
68.29244830448934
41.779339447813044
46.87174314253844
24.82981449689029
186.50962024028215
16.856596554788602
16.856596554788602
16.856596554788602
168.53141502934045
192.2037653926169
46.689355083383504
33.708300957100704
58.06809125715974
22.335484689430746
15.730260429660147
26.585535386513936
88.83392017978707
41.050462926284744
61.21374758868033
31.95217233827005
15.472941529459327
18.863206951968984
14.081699809854376
172.88534422119412
16.809817692284255
175.5450030016328
23.350695499496645
25.82640042722729
15.230595339121262
43.039039771632886
182.05962110033335
190.2679268789648
14.857689329295985
14.41796825851754
23.47436601161045
17.341437255152282
14.116986553413794
177.5543496887284
154.49074032754086
58.38535954153772
23.685379837611784
28.003499055283942
15.898283269635991
44.996477988664054
70.0504415553381
36.17019679501726
180.67117646107286
183.43950060182755
184.93903767209696
13.972913657615667
28.846689207354625
19.707346374366566
118.31233785290172
68.29244830448934
41.779339447813044
46.87174314253844
46.87174314253844
24.82981449689029
186.50962024028215
16.856596554788602
14.468028982118662
25.33017010781719
171.37271602019774
188.2908333861105
62.80438607023167
27.369647248998692
15.426255162560325
16.16150798632598
13.799321533364175
18.07530349175856
179.2069693675725
172.0654176029027
18.81635777151601
14.808871359393475
42.98093268444133
29.709044159333345
52.257352419622556
15.981929441605214
24.20421616635814
68.86435242606548
16.022574248075653
14.357045682432316
15.625872997412221
51.762434507720556
25.14098296734874
130.06728508190469
38.82666951003563
40.59733656191249
22.66183384046925
45.58760285716116
27.164807100710338
15.108374798140288
173.4219016947947
116.34042512080556
67.46618842347384
46.961271381124746
80.19558648482784
49.806435601785836
26.558133366861412
16.466643702315928
14.081699809854376
41.76015117045496
25.405716101551146
14.56474624105429
22.00879445433419
17.839385954094514
19.6248200331702
64.9552412553384
16.207647486796194
95.52655585427156
28.98803620448987
14.770778803451062
64.3643148154599
54.08009096372266
24.786717987905718
36.50796942446882
181.93147097389516
16.847427134248147
42.381383133056936
15.615617077750748
16.68014816178514
23.07535484711886
30.34610310033587
15.609639529477379
105.11691372038163
15.652328687836564
27.08112548351504
19.335189553875853
31.666904285335153
26.7047256146138
26.180546938259454
25.756197246058676
16.175933511279233
26.62144805532452
28.973244680398075
18.887358601735116
54.89185695580984
60.5002659422101
42.13282130484337
16.735175518179506
50.31324971535075
16.986540067860204
58.45964168417077
62.61657073429066
23.376402046202113
23.82052757406385
17.59463448578185
163.9326970385701
15.866052165467282
33.150922033203294
15.798431258154636
29.148722992221845
14.63062793846567
15.861553167646694
30.279375267175826
21.18224755541532
14.58914198410205
44.258562054539546
141.33255999137648
26.528702446987804
57.19634103837426
16.551976687229928
20.53630616846842
29.73250806558583
15.477959140892724
53.282316771133694
60.45559867642531
189.47726096092967
22.07606904648407
178.4770186561367
19.102573644610665
19.052069813399225
14.585067201732098
18.775428584129408
24.561248588902252
14.926196064735755
21.66694733587722
17.731503878065162
16.259119921740623
37.45150179926202
87.28355100802534
185.37956897847664
54.37769658762176
33.31349290518153
21.8614366224246
54.4107701781929
16.407868810159588
14.77339593313563
34.75455414282001
56.61107749071628
46.23852695661572
171.77101870694696
17.739034742275628
15.139866413801634
35.61050132674949
35.61050132674949
33.93612962620582
28.0652881960682
15.280846859151351
21.332060485936218
74.10196411124308
23.04245421750048
14.995882561901194
28.593621600113327
18.09077758521533
30.962270225120857
16.12285082879232
14.396915043851772
19.921481147114754
24.595557151153304
153.11259087550133
58.22230727506478
16.324268373440674
16.899400098200005
18.241033873451634
39.492836835045644
16.05432831953518
16.057486349088897
29.61654751040305
15.984935009402891
172.0654176029027
18.81635777151601
14.808871359393475
42.98093268444133
29.709044159333345
52.257352419622556
15.981929441605214
24.20421616635814
68.86435242606548
16.022574248075653
14.357045682432316
15.625872997412221
51.762434507720556
25.14098296734874
130.06728508190469
38.82666951003563
40.59733656191249
22.66183384046925
45.58760285716116
27.164807100710338
15.108374798140288
173.4219016947947
116.34042512080556
67.46618842347384
46.961271381124746
80.19558648482784
49.806435601785836
26.558133366861412
16.466643702315928
14.081699809854376
41.76015117045496
25.405716101551146
14.56474624105429
22.00879445433419
17.839385954094514
19.6248200331702
64.9552412553384
16.207647486796194
95.52655585427156
28.98803620448987
14.770778803451062
64.3643148154599
54.08009096372266
24.786717987905718
36.50796942446882
181.93147097389516
16.847427134248147
42.381383133056936
15.615617077750748
16.68014816178514
23.07535484711886
30.34610310033587
15.609639529477379
105.11691372038163
15.652328687836564
105.52401511431538
13.714487018052482
9.912861200166002
26.004786873320548
19.335087596698976
41.48179856070459
10.848339653199112
16.000676031753446
37.926349293939495
10.695128284243712
9.783451698901763
10.829260611874131
31.580155859191326
16.6917496785937
66.8840158859474
24.374231912512744
25.134338117904647
15.045621323867607
27.259020495405238
19.016686153141702
11.042408418508717
110.83776988021471
60.491721054699106
40.03260087670636
28.141459223958
43.06311888597076
29.972180964860698
17.470313870401327
11.61672865567685
9.134438419851756
25.547801458049655
17.848826103424923
10.125111047612775
14.867255685295872
12.175748058924746
13.32225779701988
38.670268978329126
10.611249855637483
50.31846567271363
18.510137222163095
10.155047838632502
35.941792861750244
33.12646627615785
16.83732945846316
23.45437496869471
120.1880640697597
12.665234960737319
29.03755336802278
10.122869438892291
11.655476546593496
15.417188332060107
19.859847896761952
10.943849857730294
54.990888700342346
10.313771038582205
18.264346954763823
13.4067390848324
21.842465329031388
17.179765881098344
17.789760250948046
17.75020428075847
11.679873829622919
18.01688742306479
20.37581306211864
13.451790908553628
33.31432811515364
34.259025603587375
26.73597927707266
11.69178353792
30.73251205276128
11.910011905800824
35.00260737742941
37.38181226532657
15.526634744062916
15.803493748860905
12.50683558540252
90.4751887036364
12.52826853950091
21.860191092609725
11.731891075300034
19.320275746808235
10.058773837517037
11.248841575799668
20.990090606270773
14.78985640001943
10.230040392095681
26.50823808212445
74.1506751424582
17.29077101233338
32.826056942185225
10.758418916943173
13.737026286560544
19.59042399775355
10.670594564100556
32.442515585900104
36.14297181298034
115.61161422596696
16.294277195764987
115.18840705547153
13.681263745591444
13.054687059568737
9.612553300162663
12.924323015389948
16.967827525402527
10.07569801048065
14.695848227161871
12.466252619877427
11.45019687851334
23.861988818329312
46.37782267760178
123.27527456930683
33.09569349960705
21.913454792850217
15.316839113443736
31.599655562367488
10.623449863757925
10.33543343585485
22.69121221700966
34.18446078641119
32.00382499738651
98.54347607285332
13.392180447878484
10.909568930829828
23.061714417507208
23.061714417507208
22.382980493724453
19.769230938232155
11.250731356654942
14.535864396473093
40.27509462159402
15.038945665193172
10.450533479243703
19.050870945600487
12.867422160264873
21.35902480619337
11.64489095447182
9.884872377127419
13.458889583840303
16.199567354129602
82.13533924268579
34.368787810707836
10.646282538658777
11.759156176417317
12.671392241478602
24.706847049777092
11.585022421159989
11.348967683793349
20.570456820178062
11.99924045011922
105.52764735806669
13.714564083692565
9.91295070032415
26.004960191614856
19.33535685841902
41.4827226110101
10.848757194188497
16.000851660641732
37.926732990538035
10.695512476306066
9.783498276912836
10.82930736689579
31.580735750453897
16.69212517309796
66.88688743523196
24.374662730104603
25.134587794329917
15.045869426211757
27.259239593297185
19.017137959609556
11.042629491698182
110.83966673719696
60.49399911355575
40.03340373375913
28.1417861068672
43.06388134038478
29.97272451657599
17.470643749449895
11.616747364713532
9.134602108486762
25.548007127529537
17.849209333662408
10.125393717205524
14.86748915458527
12.175820597067236
13.322393233260472
38.6709652534644
10.611544497546403
50.31982349883243
18.510410982026965
10.155377238781337
35.94204043271332
33.127414212932585
16.83771467476084
23.454747825760762
120.18602426830341
13.379015874384276
29.037985376585073
10.123119306090798
11.65558890547867
15.417394026686013
19.86006269332213
10.944067139181199
54.992660494410536
10.3138918011843
18.264675664488124
13.406800500703412
21.842615361999886
17.17984244313771
17.790129066922805
17.75029865768118
11.680031359453613
18.017233477365412
20.37596441798879
13.452022032501974
33.31487204608412
34.25916247099149
26.73666591202929
11.69202337910081
30.73310155950921
11.77608438735772
35.003067120741306
37.38241590775287
15.526980761236608
15.803680042746524
12.506961448023716
90.47969461739287
12.450879823303456
21.86064902851938
11.732165070288064
19.320535503845186
10.059113187511306
11.248976348172363
20.990204063070504
14.790073532958717
10.230053578990828
26.5083904847721
74.15418935465952
17.290941221250648
32.826103425556525
10.758585596451573
13.737134318990787
19.59066264381849
10.670808513672068
32.443080427876225
36.143490484312494
115.60771749884059
16.294475816838784
115.18809625167745
13.6811421526253
13.054839138373175
9.61263029109719
12.924483240086698
16.967919021543775
10.075920407856346
14.696092227289496
12.466284675548298
11.450321184190724
23.86233301658673
46.37884894465038
123.27215328808526
33.096413812244286
21.91398428122006
15.317122599160523
31.599628348416214
10.623629102870668
10.335512983039889
22.691648240591434
34.18497547374939
32.0046234534399
98.54792153127761
13.39232012092024
10.90960781375436
23.06211696213864
23.06211696213864
22.38346938677242
19.769551600731894
11.250963490646187
14.536121705932413
40.2756468264859
15.039164022041321
10.450656459917486
19.05114964189053
12.867586287795305
21.359136619589385
11.645116183639761
9.88489014926409
13.45901629725803
16.199731350868774
82.13945302213666
34.369915433808416
10.646488277986371
11.759261875611973
12.671568862465458
24.707131316231454
11.585258059774226
11.349097376271827
20.57054889115394
11.999486624920587
105.52764735806669
