4.215149828363944
0.9642502738073848
0.9664684506049573
1.161844011787291
1.2075515315114143
1.1524163471849178
0.6176665108195041
0.8007405601858059
0.21244547564305916
0.7920826931287135
1.4080535346273406
0.697975837331744
5.58037974520527
6.902061736674229
2.3307114618355302
3.6495947970836813
1.7362780459975935
2.5075588939192834
1.9076892354852895
1.4937398020411852
0.272331164766994
0.1406349763172682
0.4504953719546505
0.07634618774285114
1.3620334243247174
1.348207788199471
0.1690581034724205
0.07974780279340023
0.8566445435542236
1.3957958305914626
1.3957958305914626
1.55270438279045
0.06663176105541183
0.1688325347784112
1.365170647894217
91.76367540927686
7.051295576446616
31.765959234383402
55.70438672476488
5.8541658404604755
2.5314967935505166
10.177886019051876
8.362393857811098
3.6023899324813056
1.6068304797320456
13.125998075076268
4.395784502768362
4.385284367788399
19.131144003544957
1.8628259153562143
1.9873464320359309
2.4091388864894085
0.18722314593874775
1.2075515315114143
1.1524163471849178
0.6176665108195041
0.7920826931287135
6.902061736674229
2.3307114618355302
3.6495947970836813
1.7362780459975935
2.5075588939192834
0.4504953719546505
0.07634618774285114
1.3620334243247174
1.348207788199471
0.1690581034724205
0.1690581034724205
1.55270438279045
0.06663176105541183
55.70438672476488
5.8541658404604755
2.5314967935505166
10.177886019051876
4.385284367788399
19.131144003544957
1.8628259153562143
1.9873464320359309
0.1690581034724205
0.1690581034724205
0.1690581034724205
0.1690581034724205
0.1690581034724205
0.1690581034724205
0.1690581034724205
0.1690581034724205
0.1690581034724205
0.1690581034724205
0.1690581034724205
0.1690581034724205
0.1690581034724205
0.1690581034724205
0.1690581034724205
0.1690581034724205
0.1690581034724205
0.25721969091124464
1.2075515315114143
1.1524163471849178
0.6176665108195041
0.7920826931287135
6.902061736674229
2.3307114618355302
3.6495947970836813
1.7362780459975935
2.5075588939192834
0.4504953719546505
0.07634618774285114
1.3620334243247174
1.348207788199471
0.1690581034724205
0.1690581034724205
1.55270438279045
0.06663176105541183
55.70438672476488
5.8541658404604755
2.5314967935505166
10.177886019051876
4.385284367788399
19.131144003544957
1.8628259153562143
1.9873464320359309
0.18722314593874775
1.2075515315114143
1.1524163471849178
0.6176665108195041
0.7920826931287135
6.902061736674229
2.3307114618355302
3.6495947970836813
1.7362780459975935
2.5075588939192834
0.4504953719546505
0.07634618774285114
1.3620334243247174
1.348207788199471
0.1690581034724205
0.1690581034724205
1.55270438279045
0.06663176105541183
55.70438672476488
5.8541658404604755
2.5314967935505166
10.177886019051876
4.385284367788399
19.131144003544957
1.8628259153562143
1.9873464320359309
2.568814502788109
2.5042594743074367
2.376351738141894
1.9385386854533433
2.142833969798817
4.729494325116462
3.09441150440236
5.028546314518198
2.6709519952331413
3.9620225527253248
3.617939885629085
2.828735962616111
3.9974829337247346
3.1759667094195114
2.4972655260358607
2.4972655260358607
3.8728927820296195
3.0701303760819467
49.8167423944452
6.540208775109181
6.297835629242885
11.024157043701615
10.028633247709832
31.808150327616776
2.525499840926188
2.1892259876300098
2.1769531780333566
2.5042594743074367
2.376351738141894
1.9385386854533433
2.142833969798817
4.729494325116462
3.09441150440236
5.028546314518198
2.6709519952331413
3.9620225527253248
3.617939885629085
2.828735962616111
3.9974829337247346
3.1759667094195114
2.4972655260358607
2.4972655260358607
3.8728927820296195
3.0701303760819467
49.8167423944452
6.540208775109181
6.297835629242885
11.024157043701615
10.028633247709832
31.808150327616776
2.525499840926188
2.1892259876300098
2.1892259876300098
2.1892259876300098
2.1892259876300098
2.1892259876300098
2.1892259876300098
2.1892259876300098
2.1892259876300098
2.1892259876300098
2.1892259876300098
2.1892259876300098
2.1892259876300098
3.478098250864197
3.5160480335678628
3.8705061462762846
3.658237190190862
3.255073881330904
3.4468330196954313
7.77209217578677
4.983523859161828
7.026167294137566
4.713346566583816
5.8389067651050475
5.32146167868048
4.341163180656549
6.100328137174445
6.2443766108209235
4.878279576845941
4.878279576845941
6.265713444802367
5.61714697886591
55.54839442976465
8.06505634073933
8.909997932710235
14.469040329541416
12.908501588035593
35.899827424652365
3.730872928196411
3.478098250864197
3.5160480335678628
3.8705061462762846
3.658237190190862
3.255073881330904
3.4468330196954313
7.77209217578677
4.983523859161828
7.026167294137566
4.713346566583816
5.8389067651050475
5.32146167868048
4.341163180656549
6.100328137174445
6.2443766108209235
4.878279576845941
4.878279576845941
3.9762516098472545
3.8705061462762846
3.658237190190862
3.255073881330904
3.4468330196954313
7.77209217578677
4.983523859161828
7.026167294137566
4.713346566583816
5.8389067651050475
5.32146167868048
4.341163180656549
6.100328137174445
6.2443766108209235
4.878279576845941
4.878279576845941
6.265713444802367
5.61714697886591
55.54839442976465
8.06505634073933
8.909997932710235
14.469040329541416
12.908501588035593
35.899827424652365
3.730872928196411
3.478098250864197
3.6211469279081054
3.741308904639386
3.8986214408570175
3.589490778963738
3.8809269260720156
17.84159843504073
6.004034817289014
6.789778903090577
4.8424288552308985
5.8475296496137075
5.205921264301218
4.490381889516677
9.048013405521472
6.412820903734679
4.8289123656503525
4.8289123656503525
11.096734424413695
6.252175462508753
81.7095832725852
11.249121185121108
11.94647994467107
29.875162195117912
14.543251661272775
39.44387299524275
4.86788930673245
4.109519730938726
1.8462055157136679
2.0423293354441245
3.920267077479583
2.0422443043734066
2.3080005725438184
1.7196998145984466
1.746790549804708
5.344405236931358
1.748330170219814
2.9508821502960516
1.9369300704696055
2.5445449353291427
2.6206859224263988
1.9908862765066253
2.9330982448584066
2.4885201907318373
1.9835466947670282
1.9835466947670282
3.9740104637299103
2.2078357136970403
44.923758605937685
5.849071459498657
4.304006426542558
7.509932174813627
5.239426809497825
15.331665876845095
2.665315658671571
1.830573216836418
6.652560642720429
5.671249767086611
4.853788387608769
4.882361511410416
5.032565034925076
15.258566409714707
7.293632416309682
12.042867161570538
6.476259474315439
10.350970858835339
9.080430621259696
7.186041554760556
11.721069712101102
9.027706639721284
7.246171388538569
7.246171388538569
12.615674957783456
8.101496505344599
82.4292112361911
15.928181464970761
15.259261900039355
18.51427444571828
19.83386957062871
33.4212690130169
6.674494026254992
4.690601907934067
