12195310.25552524
8824.250216014585
13629.921518363364
13629.921518363364
13629.921518363364
13629.921518363364
13629.921518363364
13629.921518363364
13629.921518363364
13629.921518363364
13629.921518363364
13629.921518363364
13629.921518363364
3659.7342723579854
577.7722445070596
156.79194507183263
1.9097161268379526
5.856512421855004
6.40053906482654
4.6736096788070896
3.304064500642832
2.4237876998395294
1.8464675097856706
1.4618055858180958
1.2000035272592735
1.0157398186416269
0.879777732929415
0.7739708847112582
0.6877454388012797
0.615361682219534
0.5538164729132516
0.5013980201561474
0.45686745011623575
0.41911183475798797
0.3870664448504905
0.3597368236443988
0.33623760170941913
0.3158152235983721
0.29785131542217913
0.28185207812128565
0.2674317955252894
0.2542936482904913
0.24221185126392947
0.23101555016953293
0.22057560632337642
0.2107943513102851
0.2015973214316175
0.19292709870240246
0.18473939894988364
0.17699946158993216
0.16967651271567363
0.1627381761405883
12274477.39011609
8691.534145473035
3660.198136898361
577.9411186745194
156.82917371327144
1.914465337861742
5.863691838949254
6.409987456131992
4.680366243114182
3.308597497856447
2.4269590582970624
1.8487882176118002
1.4635861786187174
1.2014334758999121
1.0169338853781447
12218826.80051731
12162451.88945477
8833.304755892625
3660.109431899168
577.9088143069367
156.82205734638873
1.9135553796750742
5.862317376174055
6.408177909746098
4.67907229034646
3.3077294782765434
2.4263518376593396
1.8483439082715378
1.4632452990857217
1.20115973747708
1.016705309782059
0.8806078509846406
0.7746983925981108
0.6883903511969925
0.6159375053406105
0.5543337072472535
0.5018657248350054
0.45729369275049664
12220423.119169308
8818.077072740178
3659.4780529743734
577.6790234880971
156.7713655715349
156.7713655715349
918.578241889285
918.578241889285
918.578241889285
210.71004509365454
12261155.719105737
3106.355077307114
4277.37148799886
4443.395859558291
3321.2734826305796
2318.678095511531
1195.28030638375
266.49917558136355
79.77386918960467
38.657372852962716
1.7268633601524042
2.1801664505427634
1.8012992426542054
1.5255969513023024
1.233498386704477
0.9553975177393979
0.8062016962110817
0.7986298729161807
0.7838090732271982
0.7651112891229034
0.745129531769692
0.7255738576787227
0.7073704388525962
0.6908014831497175
0.6754857789187079
0.6598360504623446
0.6393763612873741
0.6063422099899429
0.5604340135658415
0.5119126808362388
0.46720387139684877
0.4276565620092245
0.3929357425839442
0.36237785755761964
0.3353439478743109
0.3112915582749601
0.2897751437175233
0.2704317544975686
0.2529647865189249
0.23712718322728626
11785052.120232614
2894.135656952389
4277.624799765284
4443.572128514228
2102.9591604368493
2657.727135560616
899.9563957972441
198.99962897718493
39.9852496378381
32.96584013834242
35.475389883901016
29.8595190735727
31.885575180304514
27.291116420045118
11224320.061657835
2657.9924019683745
4277.493021751084
4443.480429994908
3321.333163881084
2657.675102593481
2215.3176600294414
1899.1968697581203
1661.9095969784157
1477.2691290431026
1329.5641092670492
1208.7391448533765
1108.0486468315091
1022.6792891337735
918.6764013947017
886.450960212451
831.0060034299887
782.0847982008277
738.6049592932152
683.9995084266757
664.7020770920119
633.0341365276523
604.2474310023987
577.9657739043485
553.8757377625277
531.7140948434999
511.25814069040354
492.3182062981411
474.7317368714572
458.3586208784593
443.07744331796357
428.782469196474
415.3811897421763
402.7923157454773
390.9441276599061
379.7731047888825
369.222784601492
359.2428038361901
346.2827449971186
340.81832619166505
64.46754318044549
13.371609843031086
7.2634246606512525
5.786313971896982
4.661741949117657
0.16797455414245233
0.42247758164457455
0.27511960527171947
0.49271903442009835
0.5586074598429809
0.5568813576368797
0.5264674816677865
0.48596631304303645
0.44413363838018594
0.3318490589953085
0.3695376486694179
0.3385253347304988
0.3115337029119036
0.2881157250738675
0.21127210698689344
0.25004065818425997
0.23448451160919992
0.2207644141317947
0.20858629587495253
0.19770968408839862
0.18793413356844554
0.17909720830120793
0.17107140025387474
0.16374259098874114
0.15703049157409765
0.15085891369130927
0.14516475757564876
0.1398900255220257
0.13499387679383945
0.13044606595308098
0.12620639436111852
0.12224811607301211
0.11854302073267504
0.09745826269424485
0.11179210434757578
0.10869222692523571
16.060807324796748
1.771036206803966
2.334536395025249
3.4909476356226232
3.0328294452339235
2.426175289865807
1.9484191041639205
1.6017118234570467
1.3463960449919867
1.151927874092168
0.9991429064209366
0.8761958497946867
0.7755644029809067
0.6923345995261838
0.6240713548585112
0.5656103795828192
0.517701011328218
0.4777241082666336
0.4441940016685124
0.41624626367641465
0.3914261405467764
0.370227953549431
0.3515358719700609
0.3348588457782356
0.3198072215759856
0.30610901127258255
0.2935558048788282
0.2819935457815395
0.2716104550904951
0.26209759501968716
0.25321779758355173
0.2449016824652941
0.23709179643221748
0.22975247043099412
0.22283944075742837
0.2163167156637535
0.2101517310598521
0.20431857381242996
0.19891259062228936
0.19354390608789798
0.18855587556995634
366.35644817281764
7.1474553873771525
10.568805822149448
10.844514795250298
4.766388801866665
4.234255127275856
3.6658619108902206
3.176246879208486
2.777632400812019
2.4567220414590336
2.197279876785644
1.9853390374683777
1.8098365411294084
1.6623995746121019
1.9921512661988396
1.4280803121421732
1.3322864648385686
1.2445651525964805
1.1564944925320169
1.3069234898561117
0.9591713574947418
0.8963131096085161
0.8556143369349871
0.8227504782882875
0.792992486544666
0.7650618018810338
0.7386304180927294
0.7135872166723672
0.6898371329880372
0.6673487846691807
0.6460637390861469
0.6259002940462498
0.6068088991770259
0.5887258185028603
0.5715793270151502
0.5553118385093018
0.5398713579982658
0.5252074063581612
0.5749563721557921
0.4979987633267774
0.485368806339457
532.8240903309704
40.491559628122054
28.600218029516896
20.666021611557277
15.585823229569167
13.915190878070439
11.79884653579613
10.065307859602923
8.765799333245283
7.766666842946851
6.974614174932167
6.331381607226937
5.798835321629238
5.350788904115084
5.14145056201287
4.638489817264987
4.350415235174423
4.096641890855635
3.8712473828913634
3.76571214378483
3.4880999795150966
3.323782560611704
3.1742947197554487
3.037690808282324
2.912357369150166
2.796951515415421
2.690334411275037
2.591542437679179
2.499734668815132
2.414191233181378
2.33429693702749
2.259518159675652
2.1893652244147117
2.123433542803834
2.0613368775985044
2.0027649748328087
1.947414114858238
1.8950423405859669
1.8701478235671432
1.7982842436753974
1.7535075994897429
1193.5632766948718
83.31736258168665
23.83881448397885
27.28009487561668
15.351059643522914
13.003068277045015
11.068314236006724
9.5602656447601
8.390334034714714
7.469622742674158
6.731237606798624
6.12773555055015
5.625764261827831
5.201711053303866
5.358862903037764
4.523964061022621
4.248571774388208
4.005407704328135
3.7890278391501475
3.8800290025504456
3.420640515231758
3.262607035535818
3.1189836049235216
2.9880350976004437
2.8683221503693654
2.7585647953489785
2.657489287603525
2.5637660821844515
2.4763257355944504
2.3940611087101
2.316339447165275
2.242879484062669
2.1734764230377617
2.107958482326927
2.04609519235233
1.987671728214463
1.932420843692301
1.880131541335528
1.902477289381205
1.7835398417170398
1.7388679418181507
1194.4413516947782
83.31738482248626
23.838823973466447
27.280101645770497
15.35106438733253
13.003072195633347
11.068317548449663
9.560268489625622
8.390336513210524
7.469624929010369
6.7312395557168765
6.1277373029078275
5.625765848555736
5.201712498175904
5.358864301748821
4.523965273860238
4.248572890200183
4.005408732633607
3.789028787771596
3.8800299218197245
3.4206413243918563
3.2626077847158377
3.1189843021659316
2.988035753889102
2.8683227811529695
2.7585654207032113
2.6574899286634888
2.5637667535374393
2.4763264387924075
2.394061833211423
2.316340177959047
2.242880208375081
2.1734771323604956
2.1079591724114577
2.0460958614107385
1228.227486898772
99.09160649662306
37.96453445095169
22.328161290981072
15.80037002881152
12.422812925300715
10.281940712407653
8.78694670226811
7.672167995620276
6.801845742950207
6.100119238840343
5.520956342608817
5.034372524831557
4.6199268586033195
4.271207581073553
3.9554912469138546
3.688914578472629
3.4579482233356096
3.25690178191424
3.0844374639886634
2.9237110881356108
2.783258578937435
2.656242496440912
2.5405618808029264
2.4346151286810787
2.3371357999092575
2.2470984926080595
2.1636644484069048
2.086120080685844
2.013863628829415
1.9463735742725645
1.88319484169133
1.823933412914209
1.7682402153928278
1.715807195002073
1.66636045089796
1.6196550154810567
1.5754739165801244
1.5346365761593166
1.4939198527224409
1.4562124209026135
5905.113352659347
34.68580659032511
29.625942197089962
19.722223111633564
14.78860222339108
599.7986538934525
2.8480064137307113
1.1015104005918104
0.744012835239995
0.560163349496826
466.75743154271936
0.5313886285398074
0.28532812360571086
0.18104737164693105
0.12994849177991505
13937.12977235382
9.288429503801543
19.414034709220275
12.897448512464356
9.677553589873419
1027.9072858549732
2.824542307099805
1.0177922523032337
0.7004714379584442
0.5192902430283425
35911.1391971966
70.22319516555349
0.15615652532709745
0.13930236746699462
0.10578001433037859
6522.458030803818
3.6343120647461036
5.297084570073767
3.517704227188833
2.6522584536320823
166593.861917407
45.59326041406836
78.17115127145624
52.12834998112468
39.07341230776464
147133.60456037667
28.308144378778167
93.20329891592912
62.13868315317257
46.60310946958243
88025.42505883671
18.136775966442915
36.455323540845356
24.28662019260457
18.203140276946186
153593.70596852835
0.5179638829694986
107.45553969841717
71.62181693123932
53.677447895738275
5897.5844445224775
7.04063177318726
0.25576092840625264
0.2022988185831148
0.15101662203004076
1165568.4063892725
52.666617701973834
130.35997610692425
86.89152417639436
65.1664222006295
542449.4404259161
3297.246805417456
799.7746678226066
864.9840893967271
794.2381638284858
394.3770858736456
434.83910939284516
372.6786191332364
326.04709780168673
289.7782731053226
260.7719374365291
237.04506994370482
217.2789974094639
200.5585191236049
125.66488808873538
173.8133560909871
162.9499914530086
153.36500734267094
144.84490653145633
104.20723915326465
130.3595855146647
124.15083782736477
118.5060449441822
113.35175672571752
108.626709649932
104.27946744903433
100.26655098644949
96.5509249458342
93.10083348510929
89.8888635760601
86.8912656287796
84.08732555665758
81.45886537533217
78.98991802780884
76.66637781230264
74.47574309900621
72.4068991479568
70.44994180274675
60.318593983589174
66.83714276142072
65.16622857445158
